{
  "advancedEditorSelectedIdentifier" : "ProjectBrowser",
  "openSceneRelativePaths" : [
    "Scene.usda"
  ],
  "recentIdentifiers" : {
    "26DBAE76-5DD8-47B6-A085-1B4ADA111097" : [

    ]
  },
  "sceneCameraHistory" : {
    "26DBAE76-5DD8-47B6-A085-1B4ADA111097" : [
      {
        "date" : 747176223.626429,
        "title" : "Untitled",
        "transform" : [
          -0.020358533,
          -1.2139651e-07,
          -0.9997927,
          0,
          -0.28201208,
          0.9593936,
          0.005742426,
          0,
          0.95919484,
          0.28207055,
          -0.019531883,
          0,
          7.36874,
          6.2097635,
          -0.12704557,
          1
        ]
      },
      {
        "date" : 747155283.699628,
        "title" : "Untitled",
        "transform" : [
          -0.020358533,
          -1.2139651e-07,
          -0.9997927,
          0,
          -0.28201208,
          0.9593936,
          0.005742426,
          0,
          0.95919484,
          0.28207055,
          -0.019531883,
          0,
          11.793337,
          7.510889,
          -0.21714222,
          1
        ]
      },
      {
        "date" : 747155270.984065,
        "title" : "Untitled",
        "transform" : [
          -0.09367774,
          6.19828e-10,
          -0.9956026,
          0,
          -0.28154612,
          0.9591819,
          0.026491094,
          0,
          0.954964,
          0.28278968,
          -0.08985399,
          0,
          11.793337,
          7.510889,
          -0.21714222,
          1
        ]
      },
      {
        "date" : 747155212.767118,
        "title" : "Untitled",
        "transform" : [
          -0.022919187,
          -9.193457e-06,
          -0.9997373,
          0,
          -0.24693249,
          0.9690162,
          0.005652068,
          0,
          0.9687616,
          0.24699716,
          -0.022211334,
          0,
          11.793337,
          7.510889,
          -0.21714222,
          1
        ]
      },
      {
        "date" : 747155196.574159,
        "title" : "Untitled",
        "transform" : [
          0.008147951,
          6.987583e-08,
          -0.9999668,
          0,
          -0.26654413,
          0.9638203,
          -0.0021717935,
          0,
          0.9637883,
          0.26655295,
          0.007853179,
          0,
          11.716571,
          7.861149,
          -2.684734,
          1
        ]
      },
      {
        "date" : 747155194.288747,
        "title" : "Untitled",
        "transform" : [
          -0.35447606,
          1.5938442e-05,
          -0.9350651,
          0,
          -0.22265871,
          0.9712341,
          0.08442477,
          0,
          0.9081684,
          0.23812692,
          -0.34427565,
          0,
          11.716571,
          7.861149,
          -2.684734,
          1
        ]
      },
      {
        "date" : 747155184.944119,
        "title" : "Untitled",
        "transform" : [
          0.8239774,
          -4.117875e-07,
          0.56662256,
          0,
          0.22276413,
          0.9194772,
          -0.32394096,
          0,
          -0.52099645,
          0.39314327,
          0.7576287,
          0,
          0.14730883,
          4.6848845,
          5.134951,
          1
        ]
      },
      {
        "date" : 747155178.834691,
        "title" : "Untitled",
        "transform" : [
          0.8239774,
          -4.117875e-07,
          0.56662256,
          0,
          0.22276413,
          0.9194772,
          -0.32394096,
          0,
          -0.52099645,
          0.39314327,
          0.7576287,
          0,
          0.288517,
          9.17575,
          10.057243,
          1
        ]
      },
      {
        "date" : 747155175.86557,
        "title" : "Untitled",
        "transform" : [
          0.98023427,
          1.2875252e-10,
          -0.19784054,
          0,
          -0.01850346,
          0.99561673,
          -0.09167851,
          0,
          0.19697335,
          0.09352715,
          0.97593766,
          0,
          0.288517,
          9.17575,
          10.057243,
          1
        ]
      },
      {
        "date" : 747155164.37732,
        "title" : "Untitled",
        "transform" : [
          0.993719,
          -1.7627066e-11,
          -0.111903615,
          0,
          -0.008658552,
          0.99700207,
          -0.07688908,
          0,
          0.111568145,
          0.077375084,
          0.99074,
          0,
          0.50889033,
          2.7419493,
          5.5450034,
          1
        ]
      }
    ]
  }
}